t,algorithm,seed,V,window,grid_density,mos,snr_db,q_bps
1,sw_ucb,1,200,256,10,1.0,-0.15784502913437493,1308.82937465676
2,sw_ucb,1,200,256,10,1.0,16.938272093323793,735.922880176755
3,sw_ucb,1,200,256,10,1.0,12.671763216628134,1101.8656694187573
4,sw_ucb,1,200,256,10,1.0,6.826248366009218,950.4011152984215
5,sw_ucb,1,200,256,10,1.0,4.772604229399105,1212.4466149507907
6,sw_ucb,1,200,256,10,1.0,3.109145768638352,923.942821913666
7,sw_ucb,1,200,256,10,1.0,6.395059443366595,1043.9405809225088
8,sw_ucb,1,200,256,10,1.0,8.552311651388887,1254.8345814638456
9,sw_ucb,1,200,256,10,1.0,11.565145217885437,1138.0704440655202
10,sw_ucb,1,200,256,10,1.0,11.313123533681567,885.9845319027543
11,sw_ucb,1,200,256,10,1.0,14.681909579796773,1239.0635210179612
12,sw_ucb,1,200,256,10,1.0,6.476292201744412,936.7226064743159
13,sw_ucb,1,200,256,10,1.0,10.458365756063968,1200.8195901608979
14,sw_ucb,1,200,256,10,1.0,3.8174604026494823,934.8831003955092
15,sw_ucb,1,200,256,10,1.0,11.218349485244403,1298.1661234654061
16,sw_ucb,1,200,256,10,1.0,6.874288425087487,901.466190886588
17,sw_ucb,1,200,256,10,1.0,8.239535877756206,784.9932315681555
18,sw_ucb,1,200,256,10,1.0,9.595894797729537,1145.9580966914136
19,sw_ucb,1,200,256,10,1.0,4.978056483855364,1115.7474807259991
20,sw_ucb,1,200,256,10,1.0,9.325432299440228,1335.0910276466298
21,sw_ucb,1,200,256,10,1.0,16.872385467811373,1103.1760269327142
22,sw_ucb,1,200,256,10,1.0,11.387006738768147,906.0442601867791
23,sw_ucb,1,200,256,10,1.0,4.80949449242252,964.8862745231929
24,sw_ucb,1,200,256,10,1.0,15.121822608259038,1078.699233143599
25,sw_ucb,1,200,256,10,1.0,8.644881685205746,742.2132874514161
26,sw_ucb,1,200,256,10,1.0,17.182817378792535,1159.0286539409174
27,sw_ucb,1,200,256,10,1.0,6.309868230423152,1377.8947079127595
28,sw_ucb,1,200,256,10,1.0,12.168898013709342,709.0292627056276
29,sw_ucb,1,200,256,10,1.0,3.5246169279907154,696.5214359107104
30,sw_ucb,1,200,256,10,1.0,10.411508882288523,1134.236960973822
31,sw_ucb,1,200,256,10,1.0,9.777494612031266,868.6879452686038
32,sw_ucb,1,200,256,10,1.0,19.79368847219323,1266.749249379786
33,sw_ucb,1,200,256,10,1.0,8.41553703955487,845.8761723111091
34,sw_ucb,1,200,256,10,1.0,10.627716525923312,1001.9476938701904
35,sw_ucb,1,200,256,10,1.0,12.680029322266272,1201.2076267600341
36,sw_ucb,1,200,256,10,1.0,7.709611426870758,688.4881254133898
37,sw_ucb,1,200,256,10,1.0,3.2090623575201773,784.6738549573113
38,sw_ucb,1,200,256,10,1.0,4.307312984111161,1026.2937706016971
39,sw_ucb,1,200,256,10,1.0,-5.690627236533455,742.4704588088441
40,sw_ucb,1,200,256,10,1.0,16.390589896210155,965.8085458967398
41,sw_ucb,1,200,256,10,1.0,16.451805974849137,769.5766568077365
42,sw_ucb,1,200,256,10,1.0,6.418298833232344,1177.9324761688692
43,sw_ucb,1,200,256,10,1.0,9.013816584736423,907.4537160343912
44,sw_ucb,1,200,256,10,1.0,-2.1898403367231705,366.9708520736074
45,sw_ucb,1,200,256,10,1.0,9.515449481500232,1119.9995117509322
46,sw_ucb,1,200,256,10,1.0,7.568038362350631,794.7796464552293
47,sw_ucb,1,200,256,10,1.0,5.989698637900159,1037.9793902523975
48,sw_ucb,1,200,256,10,1.0,11.697422876828979,779.0921829032226
49,sw_ucb,1,200,256,10,1.0,13.20149873477362,989.7168192192572
50,sw_ucb,1,200,256,10,1.0,16.14119658320622,797.8130981268419
51,sw_ucb,1,200,256,10,1.0,14.25135116780913,1128.2350199591253
52,sw_ucb,1,200,256,10,1.0,19.600913465119923,1079.1944604081045
53,sw_ucb,1,200,256,10,1.0,3.551505991633772,1129.1870654927443
54,sw_ucb,1,200,256,10,1.0,13.618111144081858,1153.1575180453358
55,sw_ucb,1,200,256,10,1.0,15.824887907821294,1187.2854537254775
56,sw_ucb,1,200,256,10,1.0,11.009901984658308,887.2422052776816
57,sw_ucb,1,200,256,10,1.0,10.201493341746236,1094.490123327219
58,sw_ucb,1,200,256,10,1.0,12.375663590564137,705.4709525772064
59,sw_ucb,1,200,256,10,1.0,6.8061380315156494,1180.5230171125802
60,sw_ucb,1,200,256,10,1.0,10.174415122968167,1218.7894016969472
61,sw_ucb,1,200,256,10,1.0,9.65403407542933,1027.2624628872238
62,sw_ucb,1,200,256,10,1.0,6.16331893164023,1489.1375055522778
63,sw_ucb,1,200,256,10,1.0,10.20199633897345,953.2277233023434
64,sw_ucb,1,200,256,10,1.0,5.893257018306015,1399.611985455402
65,sw_ucb,1,200,256,10,1.0,3.1155682136774354,1084.9290346853838
66,sw_ucb,1,200,256,10,1.0,3.8871297516229095,721.8963365647334
67,sw_ucb,1,200,256,10,1.0,11.37065331266464,839.2875026550128
68,sw_ucb,1,200,256,10,1.0,8.408036703168996,1039.430935412682
69,sw_ucb,1,200,256,10,1.0,13.368821948259587,720.6701013444025
70,sw_ucb,1,200,256,10,1.0,9.990460342892167,881.5099331600753
71,sw_ucb,1,200,256,10,1.0,10.649126838671018,1083.1983262460458
72,sw_ucb,1,200,256,10,1.0,16.549766767142124,1241.6684804050337
73,sw_ucb,1,200,256,10,1.0,14.939870117546832,832.8003172438985
74,sw_ucb,1,200,256,10,1.0,13.482759000648361,1249.9219922810798
75,sw_ucb,1,200,256,10,1.0,5.855424711150485,1156.8071500192436
76,sw_ucb,1,200,256,10,1.0,12.666557132072333,1020.9121389862038
77,sw_ucb,1,200,256,10,1.0,4.49740416568536,577.112143641764
78,sw_ucb,1,200,256,10,1.0,21.37478678660638,735.5515956584768
79,sw_ucb,1,200,256,10,1.0,10.550318581148785,1025.384504041262
80,sw_ucb,1,200,256,10,1.0,7.372662710656701,714.3098909093533
81,sw_ucb,1,200,256,10,1.0,5.829598400675903,945.3251559535032
82,sw_ucb,1,200,256,10,1.0,13.45086855016653,976.012879957396
83,sw_ucb,1,200,256,10,1.0,8.803031110547186,936.399239965976
84,sw_ucb,1,200,256,10,1.0,5.483457080734172,1050.833712367555
85,sw_ucb,1,200,256,10,1.0,16.831390437706535,644.6974405425269
86,sw_ucb,1,200,256,10,1.0,11.11223929956486,685.2695072867658
87,sw_ucb,1,200,256,10,1.0,1.8292694901186195,1169.832583429404
88,sw_ucb,1,200,256,10,1.0,9.357482785499172,992.1056754312559
89,sw_ucb,1,200,256,10,1.0,9.980422839911183,1116.6154718321784
90,sw_ucb,1,200,256,10,1.0,13.757918191054044,849.3352516515888
91,sw_ucb,1,200,256,10,1.0,4.269610263406439,1041.0108619229068
92,sw_ucb,1,200,256,10,1.0,11.976422373139313,1471.739519290742
93,sw_ucb,1,200,256,10,1.0,10.181033874308726,651.4140532439767
94,sw_ucb,1,200,256,10,1.0,12.359097038917872,886.9689561938048
95,sw_ucb,1,200,256,10,1.0,10.458266536095415,1382.8425044475023
96,sw_ucb,1,200,256,10,1.0,16.725650629755624,928.576921456621
97,sw_ucb,1,200,256,10,1.0,6.545322626563423,1175.6879007766902
98,sw_ucb,1,200,256,10,1.0,6.63553992121613,891.7178402899818
99,sw_ucb,1,200,256,10,1.0,9.000323901645876,1075.4135482528397
100,sw_ucb,1,200,256,10,1.0,11.581641657380484,1147.6701651669414
101,sw_ucb,1,200,256,10,1.0,18.699272997024416,709.6612081725846
102,sw_ucb,1,200,256,10,1.0,9.965502921889694,901.3404941416898
103,sw_ucb,1,200,256,10,1.0,10.922536572118224,974.922502089662
104,sw_ucb,1,200,256,10,1.0,19.83488185472303,893.2238663562415
105,sw_ucb,1,200,256,10,1.0,6.623498481491723,1070.798356686391
106,sw_ucb,1,200,256,10,1.0,13.34520935178296,1173.380722282533
107,sw_ucb,1,200,256,10,1.0,9.244058629805032,831.7971976753475
108,sw_ucb,1,200,256,10,1.0,20.823055476420084,1111.6408609243226
109,sw_ucb,1,200,256,10,1.0,7.7583066849925615,798.8905221823475
110,sw_ucb,1,200,256,10,1.0,9.46643115925477,689.7249714668355
111,sw_ucb,1,200,256,10,1.0,9.538703246357011,1164.3069331920756
112,sw_ucb,1,200,256,10,1.0,8.956110127566532,1018.9172247134533
113,sw_ucb,1,200,256,10,1.0,-0.26361170789679633,1249.1168179039491
114,sw_ucb,1,200,256,10,1.0,14.1679570343989,1099.323018936957
115,sw_ucb,1,200,256,10,1.0,9.897622170588996,891.7508003969205
116,sw_ucb,1,200,256,10,1.0,12.994331345454935,831.0433525753517
117,sw_ucb,1,200,256,10,1.0,15.043305566870961,903.0618865820245
118,sw_ucb,1,200,256,10,1.0,3.6711550802031647,1064.111386816093
119,sw_ucb,1,200,256,10,1.0,9.986723123801543,1097.1643042135752
120,sw_ucb,1,200,256,10,1.0,10.382702570898,753.267433700945
121,sw_ucb,1,200,256,10,1.0,9.64936903122954,928.5413981598801
122,sw_ucb,1,200,256,10,1.0,4.099849866448521,1238.3395850430852
123,sw_ucb,1,200,256,10,1.0,11.693404909399698,943.1472678868308
124,sw_ucb,1,200,256,10,1.0,8.533472309191767,694.7473314971533
125,sw_ucb,1,200,256,10,1.0,15.659074578916304,623.7307372390582
126,sw_ucb,1,200,256,10,1.0,-0.0776165270401954,1109.4138457064967
127,sw_ucb,1,200,256,10,1.0,11.147200793203218,1228.0021928542697
128,sw_ucb,1,200,256,10,1.0,8.748817301955269,986.8003352543437
129,sw_ucb,1,200,256,10,1.0,8.465715315729906,534.6881879752012
130,sw_ucb,1,200,256,10,1.0,6.757324836298686,1245.6219269790258
131,sw_ucb,1,200,256,10,1.0,12.456255125941517,1348.3416754974667
132,sw_ucb,1,200,256,10,1.0,12.309043500544684,1134.816928773258
133,sw_ucb,1,200,256,10,1.0,11.968971623479195,776.2172951828989
134,sw_ucb,1,200,256,10,1.0,8.909171055234753,817.3779183932519
135,sw_ucb,1,200,256,10,1.0,19.412870993678148,658.8742304314331
136,sw_ucb,1,200,256,10,1.0,11.494183999426983,1011.388356234459
137,sw_ucb,1,200,256,10,1.0,12.795478325634333,1201.82172989533
138,sw_ucb,1,200,256,10,1.0,9.545924564884439,811.2463342936634
139,sw_ucb,1,200,256,10,1.0,8.062698651454436,1308.624454445449
140,sw_ucb,1,200,256,10,1.0,0.661179816820205,681.6258906178734
141,sw_ucb,1,200,256,10,1.0,11.569567930909948,592.8615128474497
142,sw_ucb,1,200,256,10,1.0,5.447816034218607,1271.2203903617942
143,sw_ucb,1,200,256,10,1.0,5.490750598338707,783.1594235652664
144,sw_ucb,1,200,256,10,1.0,2.914908826013286,1094.742526831631
145,sw_ucb,1,200,256,10,1.0,16.16058555148359,895.3862846118836
146,sw_ucb,1,200,256,10,1.0,9.281680271010336,886.0009449881646
147,sw_ucb,1,200,256,10,1.0,9.191086673987641,566.2319488060009
148,sw_ucb,1,200,256,10,1.0,13.313147686143427,858.1568137783875
149,sw_ucb,1,200,256,10,1.0,13.794268473119796,564.6757168707861
150,sw_ucb,1,200,256,10,1.0,2.4527034343653558,1191.914674850089
151,sw_ucb,1,200,256,10,1.0,9.190156650531542,762.5300287194397
152,sw_ucb,1,200,256,10,1.0,7.608398706858418,1009.312450653133
153,sw_ucb,1,200,256,10,1.0,10.404076386415257,947.0309259196548
154,sw_ucb,1,200,256,10,1.0,11.420163475979638,751.6028479914121
155,sw_ucb,1,200,256,10,1.0,13.693310188928772,1049.4087953654182
156,sw_ucb,1,200,256,10,1.0,3.1561967765117025,1191.9423782019007
157,sw_ucb,1,200,256,10,1.0,13.802625890083668,848.9742137505725
158,sw_ucb,1,200,256,10,1.0,-1.8537070294923588,1059.8621934117311
159,sw_ucb,1,200,256,10,1.0,12.803103821945065,1237.9977181086342
160,sw_ucb,1,200,256,10,1.0,7.764734259975817,1109.7366795520866
161,sw_ucb,1,200,256,10,1.0,18.376710390989064,1057.9157593470009
162,sw_ucb,1,200,256,10,1.0,12.529312651984954,963.5888650366325
163,sw_ucb,1,200,256,10,1.0,10.187565913768433,1091.2045740634485
164,sw_ucb,1,200,256,10,1.0,11.212931072934827,1022.1771211192802
165,sw_ucb,1,200,256,10,1.0,18.372264204176382,1164.259939653195
166,sw_ucb,1,200,256,10,1.0,14.827865224294266,1139.7599623159385
167,sw_ucb,1,200,256,10,1.0,10.033618699945714,843.126576844566
168,sw_ucb,1,200,256,10,1.0,8.280325142872606,1023.320532539098
169,sw_ucb,1,200,256,10,1.0,12.569206849063441,909.2481737965066
170,sw_ucb,1,200,256,10,1.0,17.101227001935356,1132.3554556905137
171,sw_ucb,1,200,256,10,1.0,15.418671524009852,598.6978859716309
172,sw_ucb,1,200,256,10,1.0,4.361620295803833,1010.8896004334739
173,sw_ucb,1,200,256,10,1.0,6.439580192504209,1064.7643638127072
174,sw_ucb,1,200,256,10,1.0,7.103843661633492,752.1346343086001
175,sw_ucb,1,200,256,10,1.0,10.001786584679397,1118.0797252451048
176,sw_ucb,1,200,256,10,1.0,16.87166974048391,1154.907530823499
177,sw_ucb,1,200,256,10,1.0,7.904042570647224,808.9029226454849
178,sw_ucb,1,200,256,10,1.0,1.2163778162810495,1196.587755275684
179,sw_ucb,1,200,256,10,1.0,10.611707501294957,1139.6558290430007
180,sw_ucb,1,200,256,10,1.0,10.39371180754956,1268.4971589339266
181,sw_ucb,1,200,256,10,1.0,15.21852492833713,942.8014168270793
182,sw_ucb,1,200,256,10,1.0,9.68425042598946,1135.5683532188023
183,sw_ucb,1,200,256,10,1.0,8.61024685120663,1137.1924729459117
184,sw_ucb,1,200,256,10,1.0,3.148018459458867,1061.9450137067377
185,sw_ucb,1,200,256,10,1.0,0.4853770950083831,899.1796281983449
186,sw_ucb,1,200,256,10,1.0,16.24432704586454,1238.4398619538579
187,sw_ucb,1,200,256,10,1.0,9.80537660901461,715.7310883942515
188,sw_ucb,1,200,256,10,1.0,8.007294621306313,945.8572693181326
189,sw_ucb,1,200,256,10,1.0,17.976305571520047,863.9038799693731
190,sw_ucb,1,200,256,10,1.0,4.68985149207408,857.9519565793464
191,sw_ucb,1,200,256,10,1.0,5.378442201575906,1181.4160178084448
192,sw_ucb,1,200,256,10,1.0,7.682639195622219,647.0670123444863
193,sw_ucb,1,200,256,10,1.0,5.020482950863913,982.5293103979035
194,sw_ucb,1,200,256,10,1.0,5.570403126710903,1303.9234691272372
195,sw_ucb,1,200,256,10,1.0,9.597005196475255,1153.4582831981763
196,sw_ucb,1,200,256,10,1.0,10.200096417280967,1365.4985740787274
197,sw_ucb,1,200,256,10,1.0,17.608788929772743,1616.963703698858
198,sw_ucb,1,200,256,10,1.0,11.066365038924271,1122.7071630256064
199,sw_ucb,1,200,256,10,1.0,6.115627362580742,1086.5184428256002
200,sw_ucb,1,200,256,10,1.0,6.646226502837699,994.3898637338986
201,sw_ucb,1,200,256,10,1.0,5.8014067661309285,1319.0605132216558
202,sw_ucb,1,200,256,10,1.0,8.506084909656735,1091.0878228086276
203,sw_ucb,1,200,256,10,1.0,3.827459023984991,724.7644832005692
204,sw_ucb,1,200,256,10,1.0,14.195976846910131,973.1501635972683
205,sw_ucb,1,200,256,10,1.0,10.01783268978634,1053.6635215975448
206,sw_ucb,1,200,256,10,1.0,8.66524888700671,1583.930473419775
207,sw_ucb,1,200,256,10,1.0,15.47062840686263,892.9165280849979
208,sw_ucb,1,200,256,10,1.0,19.718194014104704,875.0729428126864
209,sw_ucb,1,200,256,10,1.0,11.502842216111095,1011.6821432641474
210,sw_ucb,1,200,256,10,1.0,14.76348345161049,940.2189422763929
211,sw_ucb,1,200,256,10,1.0,6.685913557927744,900.7511612759489
212,sw_ucb,1,200,256,10,1.0,15.169279322528897,1069.2754915732896
213,sw_ucb,1,200,256,10,1.0,14.46391345714973,974.4498046521443
214,sw_ucb,1,200,256,10,1.0,14.544272666528405,1020.8995456821768
215,sw_ucb,1,200,256,10,1.0,17.59688482275229,1008.5624041424232
216,sw_ucb,1,200,256,10,1.0,8.43289713762136,1255.5629313459303
217,sw_ucb,1,200,256,10,1.0,8.967217429782353,708.5688076980559
218,sw_ucb,1,200,256,10,1.0,21.34242129492904,1078.726091923442
219,sw_ucb,1,200,256,10,1.0,6.199489054847849,596.8520907057399
220,sw_ucb,1,200,256,10,1.0,8.667133326426356,979.9281134499182
221,sw_ucb,1,200,256,10,1.0,8.13907654946949,1043.3482736154133
222,sw_ucb,1,200,256,10,1.0,9.892529098649335,979.4640884971307
223,sw_ucb,1,200,256,10,1.0,7.971686501030035,1421.6406245636708
224,sw_ucb,1,200,256,10,1.0,7.360595683807626,1040.4748213890618
225,sw_ucb,1,200,256,10,1.0,11.9595510726902,683.2065769623109
226,sw_ucb,1,200,256,10,1.0,13.356128170125121,863.8715781869552
227,sw_ucb,1,200,256,10,1.0,3.2938009671826727,1354.2364941219041
228,sw_ucb,1,200,256,10,1.0,0.8814626387131455,708.327944560697
229,sw_ucb,1,200,256,10,1.0,2.869978520234473,1461.1115093970486
230,sw_ucb,1,200,256,10,1.0,12.387641452647202,913.3075535142111
231,sw_ucb,1,200,256,10,1.0,13.661035818988346,1270.5715789482585
232,sw_ucb,1,200,256,10,1.0,7.569095092563484,1058.3865992091357
233,sw_ucb,1,200,256,10,1.0,13.865173183612251,1122.0114016374368
234,sw_ucb,1,200,256,10,1.0,3.739576449936573,1192.3409530774554
235,sw_ucb,1,200,256,10,1.0,11.091078970833777,1176.2867629550328
236,sw_ucb,1,200,256,10,1.0,16.4451204626087,893.3213137178931
237,sw_ucb,1,200,256,10,1.0,22.719681921581802,1458.45138771021
238,sw_ucb,1,200,256,10,1.0,9.84069843149447,1029.27624176193
239,sw_ucb,1,200,256,10,1.0,10.751781582608263,1068.7052823940032
240,sw_ucb,1,200,256,10,1.0,5.348022092124393,981.982708199009
241,sw_ucb,1,200,256,10,1.0,10.024796255324086,738.5062927119824
242,sw_ucb,1,200,256,10,1.0,6.011488673050152,855.8660409720782
243,sw_ucb,1,200,256,10,1.0,7.707661693373137,1331.4892817408575
244,sw_ucb,1,200,256,10,1.0,12.709598374019233,1077.5532513104872
245,sw_ucb,1,200,256,10,1.0,6.866700466149213,912.1324961783306
246,sw_ucb,1,200,256,10,1.0,14.593308291569727,967.0951856594742
247,sw_ucb,1,200,256,10,1.0,18.625744235324298,1282.654253037254
248,sw_ucb,1,200,256,10,1.0,5.689715525385139,1060.7989387612984
249,sw_ucb,1,200,256,10,1.0,10.378747464840764,1044.2292461258921
250,sw_ucb,1,200,256,10,1.0,5.386906595430618,907.8377888198482
251,sw_ucb,1,200,256,10,1.0,9.819175062563158,866.9050353479543
252,sw_ucb,1,200,256,10,1.0,12.45644428739082,959.1408795729444
253,sw_ucb,1,200,256,10,1.0,11.161575170142452,1078.1135105426858
254,sw_ucb,1,200,256,10,1.0,4.917644655535952,967.5256876254032
255,sw_ucb,1,200,256,10,1.0,10.546338074593917,912.7943908395548
256,sw_ucb,1,200,256,10,1.0,0.4367242212122786,1057.5401535984424
257,sw_ucb,1,200,256,10,1.0,2.4038775642607533,1053.0340263261812
258,sw_ucb,1,200,256,10,1.0,11.968220697839767,1260.1245101842742
259,sw_ucb,1,200,256,10,1.0,8.008562332490119,916.5593185547617
260,sw_ucb,1,200,256,10,1.0,10.6059257894045,752.8249419164596
261,sw_ucb,1,200,256,10,1.0,2.2055297157104468,862.4054079662828
262,sw_ucb,1,200,256,10,1.0,9.975518434121284,1369.5961567728991
263,sw_ucb,1,200,256,10,1.0,5.023776516022281,1043.9880579875132
264,sw_ucb,1,200,256,10,1.0,9.252041522395785,1320.4417181075198
265,sw_ucb,1,200,256,10,1.0,10.836591486718914,676.7839096691066
266,sw_ucb,1,200,256,10,1.0,9.061543393673984,1499.8118226723645
267,sw_ucb,1,200,256,10,1.0,5.8370583828478155,926.5909221553527
268,sw_ucb,1,200,256,10,1.0,8.435761508045271,1349.6330030235106
269,sw_ucb,1,200,256,10,1.0,10.742237111960115,922.6270788127433
270,sw_ucb,1,200,256,10,1.0,12.475934045787811,860.5397851765487
271,sw_ucb,1,200,256,10,1.0,8.7512365293021,779.5350464313814
272,sw_ucb,1,200,256,10,1.0,10.553249337319688,955.7872854923388
273,sw_ucb,1,200,256,10,1.0,12.813886637857593,559.94049826988
274,sw_ucb,1,200,256,10,1.0,11.548737262992187,1307.2763875377404
275,sw_ucb,1,200,256,10,1.0,10.353033166475877,890.951758941533
276,sw_ucb,1,200,256,10,1.0,16.8264845742987,904.6711704988173
277,sw_ucb,1,200,256,10,1.0,14.280992796746075,1383.799072060808
278,sw_ucb,1,200,256,10,1.0,15.690616965504915,750.2176931988674
279,sw_ucb,1,200,256,10,1.0,9.251105964580834,1027.696734635897
280,sw_ucb,1,200,256,10,1.0,14.424612477739476,1203.8216443588742
281,sw_ucb,1,200,256,10,1.0,9.600353056037111,698.0157741660497
282,sw_ucb,1,200,256,10,1.0,4.687134465993042,771.265140378905
283,sw_ucb,1,200,256,10,1.0,10.541139555101106,1216.5843374747594
284,sw_ucb,1,200,256,10,1.0,12.160481183718712,1226.275408415848
285,sw_ucb,1,200,256,10,1.0,14.844026508021663,1185.2768520924583
286,sw_ucb,1,200,256,10,1.0,9.956568679727901,1251.8048704857808
287,sw_ucb,1,200,256,10,1.0,17.83851514179549,1206.6057357296822
288,sw_ucb,1,200,256,10,1.0,14.202491174361931,724.2272566929939
289,sw_ucb,1,200,256,10,1.0,15.385680829750672,969.5370110413244
290,sw_ucb,1,200,256,10,1.0,12.607567105326083,1177.6806917485912
291,sw_ucb,1,200,256,10,1.0,11.35944969948284,1127.5976123299363
292,sw_ucb,1,200,256,10,1.0,12.946301018039147,1081.378081220408
293,sw_ucb,1,200,256,10,1.0,18.486766415648237,1346.0064342589162
294,sw_ucb,1,200,256,10,1.0,16.817305810381,1112.7466384037236
295,sw_ucb,1,200,256,10,1.0,10.782904953841424,1000.4408609537912
296,sw_ucb,1,200,256,10,1.0,14.426186140720269,838.3714900533797
297,sw_ucb,1,200,256,10,1.0,9.364168454174589,1283.8022092637611
298,sw_ucb,1,200,256,10,1.0,6.173163383653931,946.2778813008988
299,sw_ucb,1,200,256,10,1.0,11.894552989262227,1131.8539538738348
300,sw_ucb,1,200,256,10,1.0,9.40344607654156,822.1241219375353
301,sw_ucb,1,200,256,10,1.0,5.707391311029283,1110.7887060951246
302,sw_ucb,1,200,256,10,1.0,7.259767056829384,1154.4577000520521
303,sw_ucb,1,200,256,10,1.0,17.00599784052438,1265.7668107720795
304,sw_ucb,1,200,256,10,1.0,15.723306299917295,818.3044771608742
305,sw_ucb,1,200,256,10,1.0,15.79596429979712,860.0214630669145
306,sw_ucb,1,200,256,10,1.0,12.090815354802642,983.3487199329777
307,sw_ucb,1,200,256,10,1.0,20.467261442247594,970.1258656256489
308,sw_ucb,1,200,256,10,1.0,8.03289844483518,863.4952727870785
309,sw_ucb,1,200,256,10,1.0,-3.331178789890803,1129.1933439622308
310,sw_ucb,1,200,256,10,1.0,9.434270056679601,1298.6233727946608
311,sw_ucb,1,200,256,10,1.0,10.285289174116548,1352.8334229928766
312,sw_ucb,1,200,256,10,1.0,2.506720783537694,1109.14426772509
313,sw_ucb,1,200,256,10,1.0,10.626265098194843,925.1638436704158
314,sw_ucb,1,200,256,10,1.0,14.462276396652996,1284.02049119921
315,sw_ucb,1,200,256,10,1.0,8.614089051446594,984.080998924044
316,sw_ucb,1,200,256,10,1.0,11.691711509236162,986.0403673184433
317,sw_ucb,1,200,256,10,1.0,1.4469303225899974,944.5669791358919
318,sw_ucb,1,200,256,10,1.0,13.287288422300252,882.0301911662257
319,sw_ucb,1,200,256,10,1.0,7.579401382790982,1268.7970272535995
320,sw_ucb,1,200,256,10,1.0,12.276657058787162,840.9806254039056
321,sw_ucb,1,200,256,10,1.0,12.28743963366228,1350.3933759885758
322,sw_ucb,1,200,256,10,1.0,16.995980821119602,1503.5089125398424
323,sw_ucb,1,200,256,10,1.0,7.310068695309239,921.1949013446452
324,sw_ucb,1,200,256,10,1.0,11.12989391043659,931.1276610995899
325,sw_ucb,1,200,256,10,1.0,7.18076993671365,882.4790271121675
326,sw_ucb,1,200,256,10,1.0,14.692944430222592,1196.3988182488677
327,sw_ucb,1,200,256,10,1.0,9.77305411642436,769.7257545584014
328,sw_ucb,1,200,256,10,1.0,-2.4488784570486075,927.0327297238721
329,sw_ucb,1,200,256,10,1.0,16.391886990409752,1388.8297510448972
330,sw_ucb,1,200,256,10,1.0,12.912562347700039,1025.7022159197804
331,sw_ucb,1,200,256,10,1.0,15.433511102423196,1215.055911934396
332,sw_ucb,1,200,256,10,1.0,13.812783867036359,1017.3183706391868
333,sw_ucb,1,200,256,10,1.0,9.689347348917972,770.6844090033069
334,sw_ucb,1,200,256,10,1.0,3.4691358933582874,1212.7312364729746
335,sw_ucb,1,200,256,10,1.0,18.616990176519586,1053.7246119161573
336,sw_ucb,1,200,256,10,1.0,3.6492339272529755,1045.7800323839874
337,sw_ucb,1,200,256,10,1.0,6.461790362780153,1443.2300930450826
338,sw_ucb,1,200,256,10,1.0,11.171024018464776,960.1977610139902
339,sw_ucb,1,200,256,10,1.0,7.490019373244987,1060.0581748465809
340,sw_ucb,1,200,256,10,1.0,10.703847049275101,812.1580527520123
341,sw_ucb,1,200,256,10,1.0,10.435926878324809,1049.2242394588227
342,sw_ucb,1,200,256,10,1.0,8.306568534102091,884.7175190148721
343,sw_ucb,1,200,256,10,1.0,-1.900814500239692,1091.3020016998935
344,sw_ucb,1,200,256,10,1.0,3.349973107369241,1011.1435184264349
345,sw_ucb,1,200,256,10,1.0,3.072271782726683,1215.079990950353
346,sw_ucb,1,200,256,10,1.0,8.091474042488981,1033.9917383743323
347,sw_ucb,1,200,256,10,1.0,2.265600342610403,742.9905359534666
348,sw_ucb,1,200,256,10,1.0,6.604106479870154,1229.0080120576786
349,sw_ucb,1,200,256,10,1.0,1.7827577850163365,941.8711927672816
350,sw_ucb,1,200,256,10,1.0,0.3837925168203089,743.816985719111
351,sw_ucb,1,200,256,10,1.0,9.898488307157315,1027.2546626561434
352,sw_ucb,1,200,256,10,1.0,18.74230070096734,638.5782485193594
353,sw_ucb,1,200,256,10,1.0,-1.5191210515276428,1128.607974063672
354,sw_ucb,1,200,256,10,1.0,18.114275705507968,901.1395990921915
355,sw_ucb,1,200,256,10,1.0,11.41712565937734,1012.7964562222197
356,sw_ucb,1,200,256,10,1.0,9.17657610241927,906.1598411464266
357,sw_ucb,1,200,256,10,1.0,15.407679486630034,997.8750794106438
358,sw_ucb,1,200,256,10,1.0,10.063939154533477,1315.2061380224968
359,sw_ucb,1,200,256,10,1.0,2.476132834640067,759.0897240912548
360,sw_ucb,1,200,256,10,1.0,4.116568367989846,1030.0963430037607
361,sw_ucb,1,200,256,10,1.0,12.721829671136195,904.9341432130561
362,sw_ucb,1,200,256,10,1.0,3.865545186297819,1038.9150872655048
363,sw_ucb,1,200,256,10,1.0,4.854307884910551,913.219192218193
364,sw_ucb,1,200,256,10,1.0,14.563446482270137,953.2696219850642
365,sw_ucb,1,200,256,10,1.0,11.54866681340519,1092.4343525060385
366,sw_ucb,1,200,256,10,1.0,25.504913600580675,1310.3984642340936
367,sw_ucb,1,200,256,10,1.0,13.770563327514799,963.0128780222398
368,sw_ucb,1,200,256,10,1.0,1.3946958516481232,1096.5275925718217
369,sw_ucb,1,200,256,10,1.0,3.3433105891526713,963.3377414660822
370,sw_ucb,1,200,256,10,1.0,10.08303082203323,777.0979536343766
371,sw_ucb,1,200,256,10,1.0,4.692483932329516,1343.824166708293
372,sw_ucb,1,200,256,10,1.0,10.723707449452265,1193.43650957626
373,sw_ucb,1,200,256,10,1.0,8.064952913210497,787.0501178545244
374,sw_ucb,1,200,256,10,1.0,4.568172696696084,1296.732757425638
375,sw_ucb,1,200,256,10,1.0,-0.04859260074696792,678.1787942948836
376,sw_ucb,1,200,256,10,1.0,11.206843432887085,1306.0686173827119
377,sw_ucb,1,200,256,10,1.0,9.145295517388057,1162.509649909197
378,sw_ucb,1,200,256,10,1.0,13.677353965967495,1281.4527877139617
379,sw_ucb,1,200,256,10,1.0,10.901427325965923,1290.9372516680098
380,sw_ucb,1,200,256,10,1.0,6.695712275885409,1131.5648685958454
381,sw_ucb,1,200,256,10,1.0,6.083061176744147,1511.9992151589827
382,sw_ucb,1,200,256,10,1.0,10.437483549694177,944.1551152270081
383,sw_ucb,1,200,256,10,1.0,9.943291687806258,864.0110318225954
384,sw_ucb,1,200,256,10,1.0,11.8889451296278,1311.0612118719746
385,sw_ucb,1,200,256,10,1.0,6.789896061085985,839.4411461417152
386,sw_ucb,1,200,256,10,1.0,12.777006970626207,605.3553919105258
387,sw_ucb,1,200,256,10,1.0,10.394021119192429,682.6492297617815
388,sw_ucb,1,200,256,10,1.0,11.377695170229194,991.0088803496609
389,sw_ucb,1,200,256,10,1.0,-1.470244480733136,791.0039698554294
390,sw_ucb,1,200,256,10,1.0,10.96467724993462,1425.4899603730335
391,sw_ucb,1,200,256,10,1.0,18.40332836087396,857.8170513843636
392,sw_ucb,1,200,256,10,1.0,17.130900237606504,1047.7064516298267
393,sw_ucb,1,200,256,10,1.0,2.5110378642575366,1052.6885966496873
394,sw_ucb,1,200,256,10,1.0,21.427760509148086,905.8751267978218
395,sw_ucb,1,200,256,10,1.0,6.544115572002123,780.8149774650204
396,sw_ucb,1,200,256,10,1.0,19.00492074892089,1032.3742298377397
397,sw_ucb,1,200,256,10,1.0,16.574654004211464,811.0741506341453
398,sw_ucb,1,200,256,10,1.0,5.308632636552529,560.7827828368554
399,sw_ucb,1,200,256,10,1.0,14.710504177906078,889.4417774258745
400,sw_ucb,1,200,256,10,1.0,15.268202429098832,940.923047832353
401,sw_ucb,1,200,256,10,1.0,13.230753267924698,989.9324380863787
402,sw_ucb,1,200,256,10,1.0,-0.7524504665791412,690.6157830739052
403,sw_ucb,1,200,256,10,1.0,6.969738779501256,1054.3096476616345
404,sw_ucb,1,200,256,10,1.0,3.0781095858751737,1088.5118413957675
405,sw_ucb,1,200,256,10,1.0,7.97074182997498,1076.7337721512413
406,sw_ucb,1,200,256,10,1.0,16.703288150483758,925.5988942633147
407,sw_ucb,1,200,256,10,1.0,12.560532175318574,1012.6998967847027
408,sw_ucb,1,200,256,10,1.0,16.23374834367182,1059.0598867737713
409,sw_ucb,1,200,256,10,1.0,16.06280498636274,843.4191877947361
410,sw_ucb,1,200,256,10,1.0,4.670449594884822,1485.2556483916012
411,sw_ucb,1,200,256,10,1.0,5.205542743709811,1192.3576826278836
412,sw_ucb,1,200,256,10,1.0,5.769968264637337,943.3240842152692
413,sw_ucb,1,200,256,10,1.0,9.722503917045557,761.3502285875566
414,sw_ucb,1,200,256,10,1.0,10.743013898766675,954.2050267306863
415,sw_ucb,1,200,256,10,1.0,15.572531456231774,942.0712574469128
416,sw_ucb,1,200,256,10,1.0,4.225924031298116,1080.659605407245
417,sw_ucb,1,200,256,10,1.0,12.422077110814314,1142.634834648062
418,sw_ucb,1,200,256,10,1.0,7.475880077708723,1191.117973997061
419,sw_ucb,1,200,256,10,1.0,2.446950064639765,1058.1105807037247
420,sw_ucb,1,200,256,10,1.0,10.236795136649311,928.8973563887038
421,sw_ucb,1,200,256,10,1.0,12.120814436432154,857.5833167995798
422,sw_ucb,1,200,256,10,1.0,21.407660705460643,996.6491120250447
423,sw_ucb,1,200,256,10,1.0,17.912605297377112,918.043419713171
424,sw_ucb,1,200,256,10,1.0,5.371398916207736,746.4776514788341
425,sw_ucb,1,200,256,10,1.0,13.518229309618363,1085.5624262465572
426,sw_ucb,1,200,256,10,1.0,19.53819774522993,1129.9878294761231
427,sw_ucb,1,200,256,10,1.0,15.030714635220797,1034.5433718895442
428,sw_ucb,1,200,256,10,1.0,2.2762115367978373,700.1887954506221
429,sw_ucb,1,200,256,10,1.0,8.922497554074626,854.4570044235408
430,sw_ucb,1,200,256,10,1.0,8.143470349947698,1412.696760203475
431,sw_ucb,1,200,256,10,1.0,14.511095296291534,1132.4870221898282
432,sw_ucb,1,200,256,10,1.0,17.69119516393051,811.8165209387807
433,sw_ucb,1,200,256,10,1.0,9.561030129740855,1476.1342449730034
434,sw_ucb,1,200,256,10,1.0,12.339331349113282,899.0600116155939
435,sw_ucb,1,200,256,10,1.0,15.755312427746375,1207.411884830957
436,sw_ucb,1,200,256,10,1.0,4.587597815840379,672.8598048410311
437,sw_ucb,1,200,256,10,1.0,12.527520938334716,1081.1009651692293
438,sw_ucb,1,200,256,10,1.0,2.8105865933124896,929.6724824171934
439,sw_ucb,1,200,256,10,1.0,8.002515299169328,1238.6313369787845
440,sw_ucb,1,200,256,10,1.0,4.186334766897575,954.5965197146174
441,sw_ucb,1,200,256,10,1.0,1.159703536861624,1090.8714494085204
442,sw_ucb,1,200,256,10,1.0,11.660324922432244,1277.2023626700202
443,sw_ucb,1,200,256,10,1.0,11.326514155019115,891.6039872308819
444,sw_ucb,1,200,256,10,1.0,7.606577337580938,670.1481466478144
445,sw_ucb,1,200,256,10,1.0,6.849891057864157,1125.0610707576343
446,sw_ucb,1,200,256,10,1.0,12.001089685241634,987.4988553234997
447,sw_ucb,1,200,256,10,1.0,17.603322615338538,1121.1970442214615
448,sw_ucb,1,200,256,10,1.0,8.346325349285067,907.4416057212676
449,sw_ucb,1,200,256,10,1.0,1.7394934012600736,785.2635880912208
450,sw_ucb,1,200,256,10,1.0,16.98833265593483,1129.2665528580771
451,sw_ucb,1,200,256,10,1.0,15.758256810273435,1268.5949649424012
452,sw_ucb,1,200,256,10,1.0,11.883294971918303,770.8393502717854
453,sw_ucb,1,200,256,10,1.0,2.627095800117706,1073.642412076751
454,sw_ucb,1,200,256,10,1.0,12.116221703265921,1182.555875616775
455,sw_ucb,1,200,256,10,1.0,10.812707597238244,839.9055171381976
456,sw_ucb,1,200,256,10,1.0,12.015654197617401,1069.406816516833
457,sw_ucb,1,200,256,10,1.0,13.313712308602504,443.11642357044775
458,sw_ucb,1,200,256,10,1.0,12.645316144592089,625.5577920153061
459,sw_ucb,1,200,256,10,1.0,9.512589386091427,1087.8010848825663
460,sw_ucb,1,200,256,10,1.0,8.29812058154503,1159.6004029672943
461,sw_ucb,1,200,256,10,1.0,9.135570935011687,1108.6764856391394
462,sw_ucb,1,200,256,10,1.0,12.886573849153308,1026.4871485508613
463,sw_ucb,1,200,256,10,1.0,9.66393775189949,651.0508622835174
464,sw_ucb,1,200,256,10,1.0,8.114840811120695,1252.2611108826325
465,sw_ucb,1,200,256,10,1.0,2.7940583621292436,944.7561601698418
466,sw_ucb,1,200,256,10,1.0,18.41069164620493,515.5899499867712
467,sw_ucb,1,200,256,10,1.0,19.675337043157104,974.1943483394189
468,sw_ucb,1,200,256,10,1.066155165489698,5.920638975377276,790.1331862454307
469,sw_ucb,1,200,256,10,1.0,9.338612145674157,1108.7347856521037
470,sw_ucb,1,200,256,10,1.0,8.397093575057276,1093.0752845831587
471,sw_ucb,1,200,256,10,1.0,9.440418170227288,1058.3938146598405
472,sw_ucb,1,200,256,10,1.0,15.6134784745839,970.5696858962986
473,sw_ucb,1,200,256,10,1.0,12.796556353147531,850.7178030342443
474,sw_ucb,1,200,256,10,1.0,12.302901675573883,740.264930348111
475,sw_ucb,1,200,256,10,1.0,14.375243149836017,1198.0353783087749
476,sw_ucb,1,200,256,10,1.0,11.242021082844527,1172.7435206558307
477,sw_ucb,1,200,256,10,1.0,3.1432038775320095,1136.6508307592226
478,sw_ucb,1,200,256,10,1.0,10.485517456861109,728.8288762876011
479,sw_ucb,1,200,256,10,1.0,6.676589283248096,1334.5057868409926
480,sw_ucb,1,200,256,10,1.0,9.397051579791821,1166.786320307438
481,sw_ucb,1,200,256,10,1.0,13.228742536755657,1287.894274745438
482,sw_ucb,1,200,256,10,1.0,10.209596698151312,926.1064053430081
483,sw_ucb,1,200,256,10,1.0,17.683639763914538,914.8181688712707
484,sw_ucb,1,200,256,10,1.0,2.7907098068115612,1434.1013878000604
485,sw_ucb,1,200,256,10,1.0,5.762842323377728,836.287582694484
486,sw_ucb,1,200,256,10,1.0,17.152700034225955,932.1571359169286
487,sw_ucb,1,200,256,10,1.0,6.693912160506066,1090.9886991720714
488,sw_ucb,1,200,256,10,1.0,6.578351544756222,910.3689384575289
489,sw_ucb,1,200,256,10,1.0,13.00635296271066,1083.6855053122113
490,sw_ucb,1,200,256,10,1.0,13.78909529974323,839.2895732511244
491,sw_ucb,1,200,256,10,1.0,12.782488568997774,1195.773027972215
492,sw_ucb,1,200,256,10,1.0,12.541336793036947,1008.3933630258095
493,sw_ucb,1,200,256,10,1.0,6.264782926860575,801.4450293378562
494,sw_ucb,1,200,256,10,1.0,13.82362916745896,1062.8029494876178
495,sw_ucb,1,200,256,10,1.0,6.336121172374316,1256.6327347366384
496,sw_ucb,1,200,256,10,1.0,9.096856884445558,1203.9649331993326
497,sw_ucb,1,200,256,10,1.0,2.990378566373324,847.3338485688344
498,sw_ucb,1,200,256,10,1.0,9.455280507401906,1034.2490305051565
499,sw_ucb,1,200,256,10,1.0,10.346383992653971,904.9206322857345
500,sw_ucb,1,200,256,10,1.0,9.029177062170186,830.9518983763093
501,sw_ucb,1,200,256,10,1.0,3.74854790747092,908.2348668829272
502,sw_ucb,1,200,256,10,1.0,10.514489870109236,768.2080505339487
503,sw_ucb,1,200,256,10,1.0,1.6150397634746536,1235.488523014537
504,sw_ucb,1,200,256,10,1.0,11.925556958636104,995.5254808658086
505,sw_ucb,1,200,256,10,1.0,4.047170110190895,739.305217796809
506,sw_ucb,1,200,256,10,1.0,5.4278482654415425,929.4386194310966
507,sw_ucb,1,200,256,10,1.0,9.640908023926942,1075.8604346139866
508,sw_ucb,1,200,256,10,1.0,16.368905699981816,1114.6453964063069
509,sw_ucb,1,200,256,10,1.0,11.098162108395403,1197.443622719266
510,sw_ucb,1,200,256,10,1.0,11.8639378833551,810.4637621106865
511,sw_ucb,1,200,256,10,1.0,9.647623450043355,1159.1625282400175
512,sw_ucb,1,200,256,10,1.0,10.610320998078059,1058.136592980699
513,sw_ucb,1,200,256,10,1.0,14.368491210192548,1573.9103907441818
514,sw_ucb,1,200,256,10,1.0,8.270244756302224,1270.9151231443086
515,sw_ucb,1,200,256,10,1.0,9.750233213894983,1136.1798629410139
516,sw_ucb,1,200,256,10,1.0,7.230741850088707,889.7700963414965
517,sw_ucb,1,200,256,10,1.0,6.377998706102243,1197.9716145594307
518,sw_ucb,1,200,256,10,1.0,4.012509400580483,821.8352110647199
519,sw_ucb,1,200,256,10,1.0,14.534761134095355,748.7994713060586
520,sw_ucb,1,200,256,10,1.0,5.939191809676693,1025.070039744533
521,sw_ucb,1,200,256,10,1.0,1.3150018824924246,881.2557502129823
522,sw_ucb,1,200,256,10,1.0,5.670403169646287,1033.6084488596543
523,sw_ucb,1,200,256,10,1.0,13.49946156382238,1233.6840032561245
524,sw_ucb,1,200,256,10,1.0,15.246184324751901,1166.0925871278682
525,sw_ucb,1,200,256,10,1.0,6.477673385922327,839.3587800050116
526,sw_ucb,1,200,256,10,1.0,10.015128776530432,1185.1890369469215
527,sw_ucb,1,200,256,10,1.0,19.534237591593303,807.2824053768056
528,sw_ucb,1,200,256,10,1.0,16.259875060164205,1053.9238371817307
529,sw_ucb,1,200,256,10,1.0,14.199412289912946,981.3303833336697
530,sw_ucb,1,200,256,10,1.0,12.321331665798684,881.4524824128855
531,sw_ucb,1,200,256,10,1.0,7.94934884637291,1299.2272562556298
532,sw_ucb,1,200,256,10,1.0,12.742698157225833,1135.7847975155905
533,sw_ucb,1,200,256,10,1.0,9.752829908489113,1003.8979388067108
534,sw_ucb,1,200,256,10,1.0,15.584093599273277,1043.2423182051753
535,sw_ucb,1,200,256,10,1.0,6.616906894188031,656.0439191713231
536,sw_ucb,1,200,256,10,1.0,11.342374525071008,1117.6053435903202
537,sw_ucb,1,200,256,10,1.0,13.205303359542842,1067.2983438059853
538,sw_ucb,1,200,256,10,1.0,11.685886278851466,1180.1164857825447
539,sw_ucb,1,200,256,10,1.0,12.773877096465855,1022.6602657923066
540,sw_ucb,1,200,256,10,1.0,11.291257710448692,870.4010804178316
541,sw_ucb,1,200,256,10,1.0,8.117891009228684,1521.5076545669517
542,sw_ucb,1,200,256,10,1.0,6.507532941223862,684.6970177047729
543,sw_ucb,1,200,256,10,1.0,4.205257393107681,1004.252638680935
544,sw_ucb,1,200,256,10,1.0,10.502350820287214,1133.490953297221
545,sw_ucb,1,200,256,10,1.0,0.8471839420179865,1163.1930108671156
546,sw_ucb,1,200,256,10,1.0,15.583575437166392,920.4121429705376
547,sw_ucb,1,200,256,10,1.0,12.052934425345766,982.4357129579705
548,sw_ucb,1,200,256,10,1.0,4.393059485394293,927.8373251186343
549,sw_ucb,1,200,256,10,1.0,14.428090383046689,982.3273421071752
550,sw_ucb,1,200,256,10,1.0,5.305468862881154,944.2750864972039
551,sw_ucb,1,200,256,10,1.0,14.720579496586911,981.730170398214
552,sw_ucb,1,200,256,10,1.0,16.606908313125757,1208.3504173469676
553,sw_ucb,1,200,256,10,1.0,11.534423375096017,987.039367920975
554,sw_ucb,1,200,256,10,1.0,6.326741912397075,986.584381353678
555,sw_ucb,1,200,256,10,1.0,11.393816359107468,969.722652038807
556,sw_ucb,1,200,256,10,1.0,16.557955225074796,982.8231269417365
557,sw_ucb,1,200,256,10,1.0,3.832107968125306,1179.9751296060183
558,sw_ucb,1,200,256,10,1.0,7.115275044455479,1324.1047245438824
559,sw_ucb,1,200,256,10,1.0,11.296047713696192,786.5228880497159
560,sw_ucb,1,200,256,10,1.0,9.960045135865451,853.6585382845939
561,sw_ucb,1,200,256,10,1.0,10.128854913839522,818.3798487798995
562,sw_ucb,1,200,256,10,1.0,16.83854778191474,1119.4852576040607
563,sw_ucb,1,200,256,10,1.0,8.26669682002173,725.5267799825903
564,sw_ucb,1,200,256,10,1.0,17.287215193672104,1419.9459354320084
565,sw_ucb,1,200,256,10,1.0,2.0418161836599014,1312.399894545143
566,sw_ucb,1,200,256,10,1.0,6.413823765520659,820.13330695062
567,sw_ucb,1,200,256,10,1.0,7.140923328507784,912.2633537383294
568,sw_ucb,1,200,256,10,1.0,13.326841152441869,562.5038344985517
569,sw_ucb,1,200,256,10,1.0,8.500221515821332,1055.662314556286
570,sw_ucb,1,200,256,10,1.0,10.409679712166534,664.2626438498049
571,sw_ucb,1,200,256,10,1.0,10.762053087699663,665.7154009072499
572,sw_ucb,1,200,256,10,1.0,3.555470942712091,798.2335152122198
573,sw_ucb,1,200,256,10,1.0,11.491002445357068,1200.1721996301046
574,sw_ucb,1,200,256,10,1.0,16.772208144240558,1024.2457500965593
575,sw_ucb,1,200,256,10,1.0,10.421895574399947,825.0766539023831
576,sw_ucb,1,200,256,10,1.0,17.754536540734904,949.0114988306153
577,sw_ucb,1,200,256,10,1.0,14.346626320439864,905.5495051865329
578,sw_ucb,1,200,256,10,1.0,16.61493287809023,717.2980735960925
579,sw_ucb,1,200,256,10,1.0,4.896857265994704,1491.9642972455863
580,sw_ucb,1,200,256,10,1.0,7.256761225891683,824.5951592579124
581,sw_ucb,1,200,256,10,1.0,7.892188470496925,797.9611269020933
582,sw_ucb,1,200,256,10,1.0,11.150270026823192,869.7113409830347
583,sw_ucb,1,200,256,10,1.0,2.1369636233920817,1154.3222393061612
584,sw_ucb,1,200,256,10,1.0,14.143639542558565,829.2877556725435
585,sw_ucb,1,200,256,10,1.0,4.457546927605578,1458.8920265556476
586,sw_ucb,1,200,256,10,1.0,15.723460791366483,1199.1735789495574
587,sw_ucb,1,200,256,10,1.0,6.0342642498248775,993.5006453234558
588,sw_ucb,1,200,256,10,1.0,4.4487093525067865,573.3099962094072
589,sw_ucb,1,200,256,10,1.0,6.0586630545013005,1160.497957835974
590,sw_ucb,1,200,256,10,1.0,10.845761049246116,1026.0460892926214
591,sw_ucb,1,200,256,10,1.0,9.38688171358987,1151.5376297372936
592,sw_ucb,1,200,256,10,1.0,13.568199356665,950.3758073142908
593,sw_ucb,1,200,256,10,1.0,0.12336762522737921,1058.3340023978021
594,sw_ucb,1,200,256,10,1.0,15.613064466081607,954.1429479064425
595,sw_ucb,1,200,256,10,1.0,1.5158005096393197,945.8674828998335
596,sw_ucb,1,200,256,10,1.0,6.208918527029906,1486.37154857672
597,sw_ucb,1,200,256,10,1.0,12.365904290033594,689.8406904033886
598,sw_ucb,1,200,256,10,1.0,16.038194765771657,1066.237730414061
599,sw_ucb,1,200,256,10,1.0,7.7629487832360144,877.105784807129
600,sw_ucb,1,200,256,10,1.0,12.472417038614502,1054.0138772106895
601,sw_ucb,1,200,256,10,1.0,11.657407666708536,1054.118757085723
602,sw_ucb,1,200,256,10,1.0,18.758953301106235,899.0830768229359
603,sw_ucb,1,200,256,10,1.0,20.13996055240734,1090.5875507382045
604,sw_ucb,1,200,256,10,1.0,5.1417901775044745,1029.4363408561364
605,sw_ucb,1,200,256,10,1.0,9.404136126443847,1247.4314563213745
606,sw_ucb,1,200,256,10,1.0,9.53676102675312,554.4005917109874
607,sw_ucb,1,200,256,10,1.0,6.346940470882975,1207.573154696873
608,sw_ucb,1,200,256,10,1.0,4.141065427706333,817.9759798586067
609,sw_ucb,1,200,256,10,1.0,15.885240987990684,1272.652881460208
610,sw_ucb,1,200,256,10,1.0,10.857398906876583,1068.015824989179
611,sw_ucb,1,200,256,10,1.0,9.187972936030336,889.843352666674
612,sw_ucb,1,200,256,10,1.0,3.9642525688828423,916.2046026099948
613,sw_ucb,1,200,256,10,1.0,15.905764601299225,865.1495106252904
614,sw_ucb,1,200,256,10,1.0,21.197557423463305,814.7470883483574
615,sw_ucb,1,200,256,10,1.0,8.502584449776714,929.3374491603039
616,sw_ucb,1,200,256,10,1.0,15.219992688350715,1084.925481135838
617,sw_ucb,1,200,256,10,1.0,11.175860162405609,915.3087397524889
618,sw_ucb,1,200,256,10,1.0,20.060283739075377,492.80372891662853
619,sw_ucb,1,200,256,10,1.0,9.419335340008676,1226.0794540249044
620,sw_ucb,1,200,256,10,1.0,4.988833877040921,1238.0983781891732
621,sw_ucb,1,200,256,10,1.0,3.913107314950829,1053.8974979057361
622,sw_ucb,1,200,256,10,1.0,5.599711424562431,886.9625672934553
623,sw_ucb,1,200,256,10,1.0,1.973456577406564,936.6172995556021
624,sw_ucb,1,200,256,10,1.0,8.390678852167392,796.2567687515103
625,sw_ucb,1,200,256,10,1.0,8.626969936654392,1153.5593016504981
626,sw_ucb,1,200,256,10,1.0,12.896422346159785,899.8367837087308
627,sw_ucb,1,200,256,10,1.0,8.68766221132539,800.028069409563
628,sw_ucb,1,200,256,10,1.0,10.153356422969967,814.3028076624232
629,sw_ucb,1,200,256,10,1.0,2.256756114302817,1031.1056543543796
630,sw_ucb,1,200,256,10,1.0,14.805331465209555,1058.995590694499
631,sw_ucb,1,200,256,10,1.0,4.568210696886819,692.3160508141221
632,sw_ucb,1,200,256,10,1.0,9.622915770101105,917.8998402244642
633,sw_ucb,1,200,256,10,1.0,8.972114254778859,1077.9515794909016
634,sw_ucb,1,200,256,10,1.0,11.900373922715783,720.457767138819
635,sw_ucb,1,200,256,10,1.0,6.435846181094266,1019.322340746386
636,sw_ucb,1,200,256,10,1.0,15.345703854993115,1447.1844664311952
637,sw_ucb,1,200,256,10,1.0,10.36127740870644,1309.7332782730532
638,sw_ucb,1,200,256,10,1.0,11.446355580355032,952.580031314606
639,sw_ucb,1,200,256,10,1.0,11.736296929979432,1114.34906767334
640,sw_ucb,1,200,256,10,1.0,10.151827635372364,855.6231687325367
641,sw_ucb,1,200,256,10,1.0,1.5722925443466806,971.3725404390383
642,sw_ucb,1,200,256,10,1.0,16.70582773928834,1393.7094903361042
643,sw_ucb,1,200,256,10,1.0,10.3910051339541,948.0248284216328
644,sw_ucb,1,200,256,10,1.0,9.729214632288341,897.9214618706951
645,sw_ucb,1,200,256,10,1.0,-0.4022731760350613,1050.0747752081438
646,sw_ucb,1,200,256,10,1.0,13.474168335197964,919.3415365588036
647,sw_ucb,1,200,256,10,1.0,11.963743968910656,1281.5814107750343
648,sw_ucb,1,200,256,10,1.0,7.333153579254793,1074.6475787230422
649,sw_ucb,1,200,256,10,1.0,20.0810388889235,759.573256681897
650,sw_ucb,1,200,256,10,1.0,2.925750910718903,1071.6092573034166
651,sw_ucb,1,200,256,10,1.0,11.222052325069223,1242.9690548607573
652,sw_ucb,1,200,256,10,1.0,12.36177358588779,1109.8887519513255
653,sw_ucb,1,200,256,10,1.0,0.5716593115466395,1183.979893792161
654,sw_ucb,1,200,256,10,1.0,9.31093892245703,1244.7871570315747
655,sw_ucb,1,200,256,10,1.0,11.256297316095598,1152.4903022023395
656,sw_ucb,1,200,256,10,1.0,9.339404696344376,1438.302687181744
657,sw_ucb,1,200,256,10,1.0,9.92624203785732,1088.2586605063182
658,sw_ucb,1,200,256,10,1.0,11.18214242546816,1327.4146059578175
659,sw_ucb,1,200,256,10,1.0,6.830003786841033,1116.0338720629902
660,sw_ucb,1,200,256,10,1.0,8.272684179023686,742.1476992630887
661,sw_ucb,1,200,256,10,1.0,2.1660229125281303,798.2483903857619
662,sw_ucb,1,200,256,10,1.0,10.155021459074185,822.2373311590082
663,sw_ucb,1,200,256,10,1.0,4.298679158172105,966.3031882517415
664,sw_ucb,1,200,256,10,1.0,4.499623020473683,1299.479649681149
665,sw_ucb,1,200,256,10,1.0,7.507789104996437,1238.6503297061054
666,sw_ucb,1,200,256,10,1.0,9.806890073296403,947.9442001704563
667,sw_ucb,1,200,256,10,1.0,15.301257664412432,618.4368912887956
668,sw_ucb,1,200,256,10,1.0,18.248801364535787,1045.9780458218709
669,sw_ucb,1,200,256,10,1.0,6.791975897556544,940.4009892376569
670,sw_ucb,1,200,256,10,1.0,5.039134826574,1101.4517257518594
671,sw_ucb,1,200,256,10,1.0,13.580918836812355,1250.7400415598865
672,sw_ucb,1,200,256,10,1.0,8.305066097333963,1388.9471894246083
673,sw_ucb,1,200,256,10,1.0,14.969780422506496,1047.0221976927503
674,sw_ucb,1,200,256,10,1.0,9.73845583118713,807.4104293622913
675,sw_ucb,1,200,256,10,1.0,6.823831723331006,1014.8396330283483
676,sw_ucb,1,200,256,10,1.0,11.559591770645381,1264.1042147068936
677,sw_ucb,1,200,256,10,1.0,17.587544187558727,1154.5868070533988
678,sw_ucb,1,200,256,10,1.0,3.6574466362262896,1124.1094315882988
679,sw_ucb,1,200,256,10,1.0,11.357762824348624,1191.5246995988132
680,sw_ucb,1,200,256,10,1.0,12.305745238222075,1036.357269517804
681,sw_ucb,1,200,256,10,1.0,3.4714415390135613,1363.7661194050409
682,sw_ucb,1,200,256,10,1.0,5.567790913509673,1328.0487341265518
683,sw_ucb,1,200,256,10,1.0,19.476445304141848,1265.1007260547972
684,sw_ucb,1,200,256,10,1.0,8.541725943264161,742.7812314935484
685,sw_ucb,1,200,256,10,1.0,10.11677548400137,1222.6226983910062
686,sw_ucb,1,200,256,10,1.0,15.888723225355365,1024.4932319045834
687,sw_ucb,1,200,256,10,1.0,18.762487891017763,1468.8357920300286
688,sw_ucb,1,200,256,10,1.0,10.676492696640967,1201.5007963027722
689,sw_ucb,1,200,256,10,1.0,9.735641125659269,1151.684494016606
690,sw_ucb,1,200,256,10,1.0,4.517729346661778,728.0162719313246
691,sw_ucb,1,200,256,10,1.0,12.724174355698445,1088.9101326310006
692,sw_ucb,1,200,256,10,1.0,4.641173781737065,843.3339305358118
693,sw_ucb,1,200,256,10,1.0,8.865206469398835,919.3637426784074
694,sw_ucb,1,200,256,10,1.0,12.915042566517512,927.6090780791886
695,sw_ucb,1,200,256,10,1.0,8.787339639502129,1275.3416198903165
696,sw_ucb,1,200,256,10,1.0,13.890757178140145,644.651096345643
697,sw_ucb,1,200,256,10,1.0,5.8605431262147265,773.3948976831315
698,sw_ucb,1,200,256,10,1.0,11.333972952744984,795.697000663182
699,sw_ucb,1,200,256,10,1.0,7.862224841125259,1086.0167704343176
700,sw_ucb,1,200,256,10,1.0,8.64537708934584,1004.9069216845168
701,sw_ucb,1,200,256,10,1.0,6.702216534574619,988.2867549830274
702,sw_ucb,1,200,256,10,1.0,14.034684334514157,1019.8254466158278
703,sw_ucb,1,200,256,10,1.0,6.504587312112873,1168.3319860776774
704,sw_ucb,1,200,256,10,1.0,12.86940441029511,893.7025469979831
705,sw_ucb,1,200,256,10,1.0,12.550727904703841,1184.4984202385822
706,sw_ucb,1,200,256,10,1.0,17.47969060307814,918.8754180014888
707,sw_ucb,1,200,256,10,1.0,11.3183813386198,1355.8001411916803
708,sw_ucb,1,200,256,10,1.0,6.658581551443806,1067.4933308886687
709,sw_ucb,1,200,256,10,1.0,6.362125954923321,950.4406632627908
710,sw_ucb,1,200,256,10,1.0,10.034349263688986,1064.6051200851434
711,sw_ucb,1,200,256,10,1.0,11.403263080084047,765.4319119184944
712,sw_ucb,1,200,256,10,1.0,11.703504845540346,1201.1452180524866
713,sw_ucb,1,200,256,10,1.0,5.721385230036594,944.7972288097087
714,sw_ucb,1,200,256,10,1.0,10.102208532368234,960.7629093705281
715,sw_ucb,1,200,256,10,1.0,11.353298150972664,941.4310105322564
716,sw_ucb,1,200,256,10,1.0,9.32631584314535,1153.796572000259
717,sw_ucb,1,200,256,10,1.0,11.337862109262245,605.4918485551077
718,sw_ucb,1,200,256,10,1.0,7.977378008807629,1162.0885179590368
719,sw_ucb,1,200,256,10,1.0,6.399343867484152,1088.6841051883277
720,sw_ucb,1,200,256,10,1.0,13.303713861524477,1169.9965907757112
721,sw_ucb,1,200,256,10,1.0,9.855598507159751,1217.901129023459
722,sw_ucb,1,200,256,10,1.0,19.832583504176707,1199.93427593428
723,sw_ucb,1,200,256,10,1.0,4.8767768634045625,916.3197686547389
724,sw_ucb,1,200,256,10,1.0,14.447050795750968,1266.4433768281556
725,sw_ucb,1,200,256,10,1.0,8.50167884227407,1052.0545290495093
726,sw_ucb,1,200,256,10,1.0,16.941783419770108,1506.8293047875566
727,sw_ucb,1,200,256,10,1.0,11.12268274869186,1365.459051300908
728,sw_ucb,1,200,256,10,1.0,14.951266174960711,1188.8689441144488
729,sw_ucb,1,200,256,10,1.0,10.885980163758171,1302.0041041289146
730,sw_ucb,1,200,256,10,1.0,9.146747822294339,881.9866945785847
731,sw_ucb,1,200,256,10,1.0,10.263884623334894,1039.873984991393
732,sw_ucb,1,200,256,10,1.0,3.688959091959223,985.6719333271947
733,sw_ucb,1,200,256,10,1.0,9.359676273373848,888.1372470701799
734,sw_ucb,1,200,256,10,1.0,6.2373480202661415,1167.345135093975
735,sw_ucb,1,200,256,10,1.0,7.962662863800168,939.3064843917049
736,sw_ucb,1,200,256,10,1.0,8.918276032258184,763.8272843071675
737,sw_ucb,1,200,256,10,1.0,6.085138096938051,819.4208988164711
738,sw_ucb,1,200,256,10,1.0,5.50668479175005,978.4000818908758
739,sw_ucb,1,200,256,10,1.0,11.02353779831459,1061.758101815904
740,sw_ucb,1,200,256,10,1.0,8.175105593923968,1016.1269953854832
741,sw_ucb,1,200,256,10,1.0,7.4012790953025265,1057.8251074973837
742,sw_ucb,1,200,256,10,1.0,11.70742787365316,776.4303054123011
743,sw_ucb,1,200,256,10,1.0,5.599718288287157,736.143511341437
744,sw_ucb,1,200,256,10,1.0,14.77584959637439,1085.3467388145805
745,sw_ucb,1,200,256,10,1.0,9.204621458355586,1411.4040302516985
746,sw_ucb,1,200,256,10,1.0,8.207856071495916,1322.134350388615
747,sw_ucb,1,200,256,10,1.0,3.510465202538713,1185.9144253627614
748,sw_ucb,1,200,256,10,1.0,10.321225702919026,1242.0625139512556
749,sw_ucb,1,200,256,10,1.0,10.181447860596263,494.7770886774008
750,sw_ucb,1,200,256,10,1.0,3.315880888344455,1267.4065606916085
751,sw_ucb,1,200,256,10,1.0,5.588486638221744,758.5848105634177
752,sw_ucb,1,200,256,10,1.0,9.306532957039686,993.0185646965384
753,sw_ucb,1,200,256,10,1.0,7.232256828105124,1040.9324563614834
754,sw_ucb,1,200,256,10,1.0,13.48601562414169,852.5095283186627
755,sw_ucb,1,200,256,10,1.0,15.89614888087113,903.4077585246998
756,sw_ucb,1,200,256,10,1.0,7.42220147820703,840.6356737863865
757,sw_ucb,1,200,256,10,1.0,1.8392113503871208,1057.2182580291471
758,sw_ucb,1,200,256,10,1.0,13.382266811815386,1066.7657081216048
759,sw_ucb,1,200,256,10,1.0,12.597733178339334,933.3471890337605
760,sw_ucb,1,200,256,10,1.0,7.271607967338641,858.2890264033592
761,sw_ucb,1,200,256,10,1.0,14.113170311415322,1318.8180895587482
762,sw_ucb,1,200,256,10,1.0,9.58992061735468,944.8362182733784
763,sw_ucb,1,200,256,10,1.0,5.444455007021643,1160.202641775361
764,sw_ucb,1,200,256,10,1.0,13.596409881208618,1126.8730496203063
765,sw_ucb,1,200,256,10,1.0,8.873582626346748,860.1211460231177
766,sw_ucb,1,200,256,10,1.0,8.002401926410364,1047.7816936740105
767,sw_ucb,1,200,256,10,1.0,10.00674021825794,1172.4946656930515
768,sw_ucb,1,200,256,10,1.0,7.037662547648271,1155.4257037111763
769,sw_ucb,1,200,256,10,1.0,13.95411033659283,721.9557565198129
770,sw_ucb,1,200,256,10,1.0,11.105881221368778,1012.6567130843958
771,sw_ucb,1,200,256,10,1.0,14.167884073735664,1138.5277210774361
772,sw_ucb,1,200,256,10,1.0,12.799477529817338,922.2929913121819
773,sw_ucb,1,200,256,10,1.0,6.122775502992575,1453.009408739726
774,sw_ucb,1,200,256,10,1.0,5.578650794900448,1312.4901733589081
775,sw_ucb,1,200,256,10,1.0,18.31617467002342,849.3702507116714
776,sw_ucb,1,200,256,10,1.0,7.8326357842224805,1116.8125067921576
777,sw_ucb,1,200,256,10,1.0,15.142556808574408,1166.7533017083524
778,sw_ucb,1,200,256,10,1.0,3.6344285019921436,1228.200312582722
779,sw_ucb,1,200,256,10,1.0,8.134644419512126,647.7063945134813
780,sw_ucb,1,200,256,10,1.0,9.000512404697574,1028.6038761805469
781,sw_ucb,1,200,256,10,1.0,7.804808329261366,896.0522895216103
782,sw_ucb,1,200,256,10,1.0,17.384312250374222,1029.4181794720187
783,sw_ucb,1,200,256,10,1.0,8.023015426797528,939.6828786765923
784,sw_ucb,1,200,256,10,1.0,8.717420922106365,1268.022640270433
785,sw_ucb,1,200,256,10,1.0,11.668728258421105,1028.18760699618
786,sw_ucb,1,200,256,10,1.0,2.9434245790944304,916.9547392502577
787,sw_ucb,1,200,256,10,1.0,11.061709896308724,1132.3443820842838
788,sw_ucb,1,200,256,10,1.0,11.332774220166609,919.1464311915644
789,sw_ucb,1,200,256,10,1.0,16.06749511244086,816.9819990623002
790,sw_ucb,1,200,256,10,1.0,3.234354731572722,1188.401525000717
791,sw_ucb,1,200,256,10,1.105913346841895,6.853358343700494,1089.799557015955
792,sw_ucb,1,200,256,10,1.0,7.107552745001426,982.8916613547615
793,sw_ucb,1,200,256,10,1.0,7.968284195150073,1086.8543751776945
794,sw_ucb,1,200,256,10,1.0,1.7037630228507687,1212.9819142739152
795,sw_ucb,1,200,256,10,1.0,14.735800127718262,892.4916699713332
796,sw_ucb,1,200,256,10,1.0,12.984209925745866,831.8163895244255
797,sw_ucb,1,200,256,10,1.0,10.67546490319502,778.1317485322716
798,sw_ucb,1,200,256,10,1.0,11.255244042652437,998.3276839175933
799,sw_ucb,1,200,256,10,1.0,8.51763453794819,863.3197365378389
800,sw_ucb,1,200,256,10,1.0,16.880245099796927,1259.3178528788485
801,sw_ucb,1,200,256,10,1.0,10.644600006251967,1351.4642091923647
802,sw_ucb,1,200,256,10,1.0,12.648607567389668,613.7325100635533
803,sw_ucb,1,200,256,10,1.0,8.858029523643927,960.0017345005292
804,sw_ucb,1,200,256,10,1.0,7.711139136640503,1188.5243808062733
805,sw_ucb,1,200,256,10,1.0,6.973013553484235,886.5115344923554
806,sw_ucb,1,200,256,10,1.0,8.52126114018953,762.8416033360012
807,sw_ucb,1,200,256,10,1.0,8.13797630979114,1237.6026794179927
808,sw_ucb,1,200,256,10,1.0,18.48195672687679,897.3149038790868
809,sw_ucb,1,200,256,10,1.0,8.789288039920706,1033.174539830718
810,sw_ucb,1,200,256,10,1.0,8.13220704757668,868.2827652518192
811,sw_ucb,1,200,256,10,1.0,13.39511011828863,1027.893999098854
812,sw_ucb,1,200,256,10,1.0,5.666997799942266,900.4999224661299
813,sw_ucb,1,200,256,10,1.0,10.596246756346721,845.7205130268558
814,sw_ucb,1,200,256,10,1.0,5.052165620174331,504.13853109426697
815,sw_ucb,1,200,256,10,1.0,12.126527113721743,1190.5678994099408
816,sw_ucb,1,200,256,10,1.0,9.662819815501035,1156.2551415076366
817,sw_ucb,1,200,256,10,1.0,8.666317090616102,754.0846048339674
818,sw_ucb,1,200,256,10,1.0,14.30424916725211,1116.0903042797463
819,sw_ucb,1,200,256,10,1.0,9.220370303171054,1107.3309163671024
820,sw_ucb,1,200,256,10,1.0,10.556758197352087,1010.1535936555166
821,sw_ucb,1,200,256,10,1.0,19.729227786783554,1156.8340295295268
822,sw_ucb,1,200,256,10,1.0,13.110910575938746,1251.5192561619142
823,sw_ucb,1,200,256,10,1.0,16.696250520001854,695.4304630486137
824,sw_ucb,1,200,256,10,1.0,5.583026463928885,883.4149226667644
825,sw_ucb,1,200,256,10,1.0,8.999875214720841,973.0198601333906
826,sw_ucb,1,200,256,10,1.0,2.883827421162467,939.9376603042016
827,sw_ucb,1,200,256,10,1.0,7.352728895390865,1354.3729659454764
828,sw_ucb,1,200,256,10,1.0,11.146106017866101,1091.6222755707008
829,sw_ucb,1,200,256,10,1.0,13.577798942571263,916.2124729636117
830,sw_ucb,1,200,256,10,1.0,16.039569679052725,938.3755496471063
831,sw_ucb,1,200,256,10,1.0,14.480998940837353,1147.7689542570813
832,sw_ucb,1,200,256,10,1.0,7.855308470037036,485.82289591696417
833,sw_ucb,1,200,256,10,1.0,10.000508490271619,1224.8498433149668
834,sw_ucb,1,200,256,10,1.0,7.885260874433655,1138.068779375168
835,sw_ucb,1,200,256,10,1.0,4.85756457134972,1042.7461042957734
836,sw_ucb,1,200,256,10,1.0,14.663633967509154,979.0875769399589
837,sw_ucb,1,200,256,10,1.0,18.5460745593374,1130.6845051467403
838,sw_ucb,1,200,256,10,1.0,4.532988262055008,706.9108047078587
839,sw_ucb,1,200,256,10,1.0,7.039960530693339,737.1126592369507
840,sw_ucb,1,200,256,10,1.0,6.098327085255738,1026.582881205682
841,sw_ucb,1,200,256,10,1.0,1.7970913657720615,1222.830861796471
842,sw_ucb,1,200,256,10,1.0,7.4125184910735,1011.5336927316702
843,sw_ucb,1,200,256,10,1.0,12.709298864602726,1212.31557339174
844,sw_ucb,1,200,256,10,1.0,8.688563583687376,682.6677053697272
845,sw_ucb,1,200,256,10,1.0,19.34874240752552,1079.2985581403263
846,sw_ucb,1,200,256,10,1.0,7.84181722264803,883.8836468511298
847,sw_ucb,1,200,256,10,1.0,14.103309704274807,1089.585462147479
848,sw_ucb,1,200,256,10,1.0,2.67005665780606,1000.4758968894529
849,sw_ucb,1,200,256,10,1.0,12.141000700091348,937.4223880634097
850,sw_ucb,1,200,256,10,1.0,6.442033591410666,1118.8022324368292
851,sw_ucb,1,200,256,10,1.0,15.914813285301475,755.6424933380305
852,sw_ucb,1,200,256,10,1.028796878480562,4.946444963837768,1241.5318228561157
853,sw_ucb,1,200,256,10,1.0,3.827145053024294,1018.9048757989111
854,sw_ucb,1,200,256,10,1.0,12.956064152603126,1002.1794296221146
855,sw_ucb,1,200,256,10,1.0,18.212267232427763,1000.5195328562365
856,sw_ucb,1,200,256,10,1.0,15.5852133398813,909.5440202543964
857,sw_ucb,1,200,256,10,1.0,12.817054803047814,1066.9644294003776
858,sw_ucb,1,200,256,10,1.0,6.87173312838414,949.869399626655
859,sw_ucb,1,200,256,10,1.0,14.09537621555604,1030.487998148096
860,sw_ucb,1,200,256,10,1.0,13.933028558876403,1233.8415315030907
861,sw_ucb,1,200,256,10,1.0,7.1673207327539945,862.5119458974555
862,sw_ucb,1,200,256,10,1.0,8.408734930579206,1048.360986374889
863,sw_ucb,1,200,256,10,1.0,12.825187839693534,1346.4771661713648
864,sw_ucb,1,200,256,10,1.0,6.221934713200261,1018.866297321629
865,sw_ucb,1,200,256,10,1.0,8.868099105869446,915.6849365487649
866,sw_ucb,1,200,256,10,1.0,12.816046386614481,969.0692045158544
867,sw_ucb,1,200,256,10,1.0,4.141539870448792,1405.880802951435
868,sw_ucb,1,200,256,10,1.0,5.929515467183057,1004.1764503213162
869,sw_ucb,1,200,256,10,1.0,10.585138488604528,536.6623052276448
870,sw_ucb,1,200,256,10,1.0,6.122824480389719,728.8408288470644
871,sw_ucb,1,200,256,10,1.0,15.877565190514037,819.2730829118232
872,sw_ucb,1,200,256,10,1.0,8.405795405700701,1066.4141300492017
873,sw_ucb,1,200,256,10,1.0,14.306485839412513,1028.7329160189702
874,sw_ucb,1,200,256,10,1.0,10.018835123333039,1006.927361858972
875,sw_ucb,1,200,256,10,1.0,13.116825552702473,947.5608748536447
876,sw_ucb,1,200,256,10,1.0,12.109543331911295,1353.4968228549956
877,sw_ucb,1,200,256,10,1.0,13.317100210675013,889.5548215880694
878,sw_ucb,1,200,256,10,1.0,20.43932919018151,804.4027664591691
879,sw_ucb,1,200,256,10,1.0,14.403964379530434,1127.027213159149
880,sw_ucb,1,200,256,10,1.0,19.48119079287615,800.897007620567
881,sw_ucb,1,200,256,10,1.0,11.051682928958776,1215.2770140665393
882,sw_ucb,1,200,256,10,1.0,11.886694842728168,876.3847740286822
883,sw_ucb,1,200,256,10,1.0,13.416888724184247,984.3187107255246
884,sw_ucb,1,200,256,10,1.0,8.507198782880806,1051.7294543168757
885,sw_ucb,1,200,256,10,1.0,12.542433558672034,1055.55552073604
886,sw_ucb,1,200,256,10,1.0,4.683606606326985,1164.69955826543
887,sw_ucb,1,200,256,10,1.0,14.10296243246802,1049.0044367027645
888,sw_ucb,1,200,256,10,1.0,8.214866221736642,809.9800393070544
889,sw_ucb,1,200,256,10,1.0,3.018712208541273,969.0996068852484
890,sw_ucb,1,200,256,10,1.0,17.944920745499736,1019.9943002760181
891,sw_ucb,1,200,256,10,1.0,12.998795005634369,1035.139232327897
892,sw_ucb,1,200,256,10,1.0,10.141080769988386,1047.2631835366567
893,sw_ucb,1,200,256,10,1.0,11.475159906668729,1498.057537474094
894,sw_ucb,1,200,256,10,1.0,12.915342655455241,1063.5829047054335
895,sw_ucb,1,200,256,10,1.0,9.859617010314604,1119.7266582241282
896,sw_ucb,1,200,256,10,1.0,10.498231237084946,1350.4620822195534
897,sw_ucb,1,200,256,10,1.0,7.665803291346812,751.2227179522272
898,sw_ucb,1,200,256,10,1.0,3.6249832083938793,1088.5107035793112
899,sw_ucb,1,200,256,10,1.0,14.318988983903338,1143.814090875915
900,sw_ucb,1,200,256,10,1.0,4.994691628447455,1421.9140873723456
901,sw_ucb,1,200,256,10,1.0,4.942384631771092,1013.247859449645
902,sw_ucb,1,200,256,10,1.0,14.866582409491839,640.6193045717033
903,sw_ucb,1,200,256,10,1.0,11.913218454668659,1108.1990978515926
904,sw_ucb,1,200,256,10,1.0,8.042924084324083,662.1420966820015
905,sw_ucb,1,200,256,10,1.0,15.389709360618571,962.7405915413046
906,sw_ucb,1,200,256,10,1.0,11.544204990635329,887.5563714693619
907,sw_ucb,1,200,256,10,1.0,9.810482943569179,1233.1842381430695
908,sw_ucb,1,200,256,10,1.0,7.8531822913994045,1140.0106718393338
909,sw_ucb,1,200,256,10,1.0,8.25773338683962,1109.3390795249256
910,sw_ucb,1,200,256,10,1.0,5.193212958994981,808.4681242307202
911,sw_ucb,1,200,256,10,1.0,6.740678903914761,1236.428538342132
912,sw_ucb,1,200,256,10,1.0,20.59722467263947,1395.8724451918172
913,sw_ucb,1,200,256,10,1.0,16.29953714317594,1174.762650449409
914,sw_ucb,1,200,256,10,1.0,6.244019184167301,1211.0882475031158
915,sw_ucb,1,200,256,10,1.0,6.5658151206723385,1161.8490598610333
916,sw_ucb,1,200,256,10,1.0,10.633539876627303,1354.114259044602
917,sw_ucb,1,200,256,10,1.0,13.200977922036309,913.5275073990008
918,sw_ucb,1,200,256,10,1.0,14.51791561483596,1142.6563277052717
919,sw_ucb,1,200,256,10,1.0,6.448796392712008,1098.123887554953
920,sw_ucb,1,200,256,10,1.0,10.403096470100834,612.1560063359952
921,sw_ucb,1,200,256,10,1.0,4.614858644475509,473.7690642144605
922,sw_ucb,1,200,256,10,1.0,8.436593873440785,650.5065231000491
923,sw_ucb,1,200,256,10,1.0,10.6713852114621,756.1422451797689
924,sw_ucb,1,200,256,10,1.0,10.920993164849106,1047.5348644030194
925,sw_ucb,1,200,256,10,1.0,12.192597635435224,1156.7888444697685
926,sw_ucb,1,200,256,10,1.0,10.658083867977822,1042.2120866328182
927,sw_ucb,1,200,256,10,1.0,8.07599009688256,1037.7473102714596
928,sw_ucb,1,200,256,10,1.0,22.165144092745827,930.2042151827678
929,sw_ucb,1,200,256,10,1.0599141813202988,4.819215218402887,1023.0592193758843
930,sw_ucb,1,200,256,10,1.0,15.996356208205587,994.8426390315591
931,sw_ucb,1,200,256,10,1.0,11.111288362732516,1311.705866841152
932,sw_ucb,1,200,256,10,1.0,13.630576467193151,950.9294120517422
933,sw_ucb,1,200,256,10,1.0,6.486001396589445,719.9662285853321
934,sw_ucb,1,200,256,10,1.0,8.079189521370063,705.9216184381609
935,sw_ucb,1,200,256,10,1.0,17.283968931403745,1060.361152825738
936,sw_ucb,1,200,256,10,1.0,10.20949485191823,1068.7375394239543
937,sw_ucb,1,200,256,10,1.0,17.54860199824023,885.6473369838423
938,sw_ucb,1,200,256,10,1.0,7.066575825541315,843.1158132144534
939,sw_ucb,1,200,256,10,1.0,14.742306022297415,1068.089729550658
940,sw_ucb,1,200,256,10,1.0,8.878548823488021,861.4578533700733
941,sw_ucb,1,200,256,10,1.0,11.274227441617723,1232.893320606078
942,sw_ucb,1,200,256,10,1.0,10.37767302687521,1295.1558573970133
943,sw_ucb,1,200,256,10,1.0,9.389017628911162,934.0010691113349
944,sw_ucb,1,200,256,10,1.0,14.22704994078256,1136.3619551430786
945,sw_ucb,1,200,256,10,1.0,7.074648037455067,868.2726760682639
946,sw_ucb,1,200,256,10,1.0,8.086228295420744,1081.5662247385749
947,sw_ucb,1,200,256,10,1.0,15.270736785579095,1001.1636611138518
948,sw_ucb,1,200,256,10,1.0,13.381483318778772,735.8819887451916
949,sw_ucb,1,200,256,10,1.0,8.120305063486793,930.2165341305005
950,sw_ucb,1,200,256,10,1.0,14.646222440019237,1350.0766616029714
951,sw_ucb,1,200,256,10,1.0,4.751372864047618,931.6136467164401
952,sw_ucb,1,200,256,10,1.0,18.045367253288337,786.3658281587913
953,sw_ucb,1,200,256,10,1.0,10.51971678373932,1323.360929799352
954,sw_ucb,1,200,256,10,1.0,6.167736309532111,869.7681263029524
955,sw_ucb,1,200,256,10,1.0,5.969930294003618,957.9246258971242
956,sw_ucb,1,200,256,10,1.0,13.088645035061411,1148.7395830902008
957,sw_ucb,1,200,256,10,1.0,4.753064982321957,1094.0485760108372
958,sw_ucb,1,200,256,10,1.0,6.54646490570783,795.6772099277147
959,sw_ucb,1,200,256,10,1.0,11.225948522400882,1214.0321127566363
960,sw_ucb,1,200,256,10,1.0,11.125176276778143,912.447239464748
961,sw_ucb,1,200,256,10,1.0,5.3601134105887835,1038.5699315448635
962,sw_ucb,1,200,256,10,1.0,10.08148596663483,1048.5419782057857
963,sw_ucb,1,200,256,10,1.0,12.005229522983868,733.736673096807
964,sw_ucb,1,200,256,10,1.1229807517937076,13.468372669431966,899.1039211329739
965,sw_ucb,1,200,256,10,1.0,4.73399709744193,1056.320351891949
966,sw_ucb,1,200,256,10,1.0,7.752079714140219,858.858028919122
967,sw_ucb,1,200,256,10,1.0,11.400121258658261,1067.0796280259142
968,sw_ucb,1,200,256,10,1.0,10.711943769852601,823.8765876872603
969,sw_ucb,1,200,256,10,1.0,6.62795702238007,1124.9439528321252
970,sw_ucb,1,200,256,10,1.0,8.175643530067354,819.1537514466005
971,sw_ucb,1,200,256,10,1.0,9.789176176348045,984.6693800664467
972,sw_ucb,1,200,256,10,1.0,4.568087733494798,664.8418414804967
973,sw_ucb,1,200,256,10,1.0,17.517691460642336,754.8401541156045
974,sw_ucb,1,200,256,10,1.0,18.436487681163737,625.6452092883148
975,sw_ucb,1,200,256,10,1.0,8.31985806644803,1208.5761709066596
976,sw_ucb,1,200,256,10,1.09393514460118,10.747709429623365,1147.752321004167
977,sw_ucb,1,200,256,10,1.0,14.735605314430702,1157.59006662739
978,sw_ucb,1,200,256,10,1.0,6.899915435268777,1016.028945008134
979,sw_ucb,1,200,256,10,1.0,1.7963250902683452,940.3646439695193
980,sw_ucb,1,200,256,10,1.0,4.112786790833153,1178.2952747791746
981,sw_ucb,1,200,256,10,1.0,11.886724318061727,1160.8392115596332
982,sw_ucb,1,200,256,10,1.0,4.0126469222459455,1144.8361564596585
983,sw_ucb,1,200,256,10,1.0,8.359944854082428,1034.0514810433015
984,sw_ucb,1,200,256,10,1.0,8.088744836116724,1109.642603527442
985,sw_ucb,1,200,256,10,1.0,3.7467437836004303,894.654565732352
986,sw_ucb,1,200,256,10,1.0,9.495815775648065,873.4573704004724
987,sw_ucb,1,200,256,10,1.0,18.945957654615874,906.6993424010175
988,sw_ucb,1,200,256,10,1.0,5.1235685721354205,930.0650134181298
989,sw_ucb,1,200,256,10,1.0,2.875466641200898,1181.6081723881548
990,sw_ucb,1,200,256,10,1.0,11.626176997697549,1202.0312602819731
991,sw_ucb,1,200,256,10,1.0,8.806831875023725,873.4593410311335
992,sw_ucb,1,200,256,10,1.0,11.797570770261846,722.992489903213
993,sw_ucb,1,200,256,10,1.0,0.371810546552485,803.8803459817684
994,sw_ucb,1,200,256,10,1.0,1.2544393417855897,1135.463743424407
995,sw_ucb,1,200,256,10,1.0,14.101835563454578,1178.5616528184416
996,sw_ucb,1,200,256,10,1.0,12.992457398306762,1260.5048861048185
997,sw_ucb,1,200,256,10,1.0,4.676439969951161,1301.452029859454
998,sw_ucb,1,200,256,10,1.0,8.583877105094857,1178.0883567286517
999,sw_ucb,1,200,256,10,1.0,13.938151159506234,594.0979281215282
1000,sw_ucb,1,200,256,10,1.0,3.198145416295029,1144.4698141349502
